# t  |c1| |c2| |c3| |c4|  phase1  |c1|(30-70AU) |c1|(70-120) |c1|(120-180)
0.0008 5.389266e-10 8.448033e-05 5.493639e-09 1.738506e-06 0.7819 7.462572e-10 6.104500e-10 7.621052e-10
0.0500 4.705093e-07 3.318549e-03 3.752309e-06 4.813394e-05 1.6501 1.083194e-06 3.636193e-07 2.040210e-07
0.1000 2.390458e-06 4.218008e-03 8.621211e-06 2.831038e-04 2.4399 5.671023e-06 1.566520e-06 7.749686e-07
0.1500 5.530439e-06 4.175553e-03 5.012632e-06 2.621492e-04 -3.1384 4.027013e-05 3.425877e-05 6.370134e-05
0.2000 1.151414e-05 3.661173e-03 1.777221e-05 9.994701e-05 -2.7526 7.756943e-05 1.041150e-04 2.824222e-06
0.2500 2.837479e-05 4.211724e-03 5.190754e-05 2.560744e-04 1.5792 1.913078e-04 1.161613e-04 1.385267e-04
0.3000 1.984631e-04 4.150969e-03 7.978448e-05 1.343192e-04 1.9615 3.515179e-04 2.856069e-04 2.292518e-04
0.3500 6.578755e-04 3.297175e-03 1.434628e-04 2.431839e-04 1.7149 8.697734e-04 6.186809e-04 2.713569e-04
0.4000 1.090640e-03 2.913121e-03 1.470472e-04 3.319856e-04 2.0228 1.438623e-03 1.643561e-03 1.152909e-03
0.4500 1.382545e-03 2.970081e-03 3.635357e-04 1.933229e-04 2.1632 1.592377e-03 2.750487e-03 1.141879e-03
0.5000 2.244225e-03 3.527293e-03 6.591695e-04 4.722025e-04 2.1576 3.505640e-03 3.215875e-03 2.972642e-03
0.5500 3.698696e-03 2.778563e-03 3.084179e-04 2.792758e-04 2.1685 3.853682e-03 6.314118e-03 4.290682e-03
0.6000 5.150641e-03 1.924922e-03 2.052931e-04 8.583234e-05 2.0045 5.774530e-03 7.776090e-03 5.649591e-03
0.6500 6.555568e-03 2.052794e-03 1.770419e-04 7.220049e-04 2.0394 7.903207e-03 9.432389e-03 9.001276e-03
0.7000 7.314133e-03 2.519120e-03 2.555867e-04 8.955559e-04 2.1012 1.014902e-02 1.045445e-02 1.129433e-02
0.7500 8.039508e-03 2.958178e-03 3.401524e-04 1.278877e-03 2.1228 1.018466e-02 1.087215e-02 1.370884e-02
0.8000 8.569572e-03 3.327236e-03 2.025979e-04 8.584627e-04 2.1756 1.084252e-02 1.161671e-02 1.389660e-02
0.8500 8.136973e-03 3.095819e-03 5.638550e-04 6.369130e-04 2.2235 9.915947e-03 1.063667e-02 1.704088e-02
0.9000 9.234989e-03 3.200352e-03 2.083211e-04 7.494978e-04 2.1912 9.277893e-03 1.181683e-02 1.882300e-02
0.9500 8.600639e-03 3.197269e-03 2.395835e-04 5.723244e-04 2.3509 1.048492e-02 1.126128e-02 1.983423e-02
1.0000 1.104305e-02 2.080213e-03 4.487916e-04 8.141401e-04 2.4790 1.451574e-02 1.279935e-02 2.191991e-02
1.0500 1.171826e-02 2.231128e-03 8.128540e-05 7.080631e-04 2.5346 1.757597e-02 1.449595e-02 2.540713e-02
1.1000 1.366747e-02 1.408223e-03 3.272163e-04 9.655204e-04 2.7205 2.240090e-02 1.795250e-02 2.664062e-02
1.1500 1.612016e-02 1.755746e-03 3.335637e-04 2.340081e-04 2.7762 2.489957e-02 2.032153e-02 3.046547e-02
1.2000 1.840040e-02 1.749025e-03 5.498835e-04 3.434663e-04 2.8665 2.723015e-02 2.386569e-02 3.276910e-02
1.2500 2.081463e-02 1.470604e-03 3.566453e-04 8.546712e-04 2.9173 2.846916e-02 2.692544e-02 3.617112e-02
1.3000 2.188969e-02 1.163290e-03 2.844800e-04 1.100402e-04 2.9480 2.751649e-02 3.125548e-02 3.686419e-02
1.3500 2.384179e-02 1.191797e-03 3.391586e-04 1.804890e-04 2.9539 2.905212e-02 3.635993e-02 3.875432e-02
1.4000 2.744988e-02 8.777095e-04 1.820505e-04 3.947558e-04 2.8342 2.885490e-02 4.331793e-02 4.134760e-02
1.4500 3.177867e-02 1.162007e-03 2.996547e-04 6.009066e-04 2.8848 3.378906e-02 5.035715e-02 4.235306e-02
1.5000 3.586708e-02 1.044513e-03 1.236700e-04 6.917668e-04 2.9649 4.275589e-02 5.729341e-02 4.543768e-02
1.5500 4.039040e-02 1.062549e-03 9.956899e-05 4.647780e-04 3.0432 5.375171e-02 6.532121e-02 4.699339e-02
1.6000 4.464333e-02 1.349968e-03 1.276864e-04 1.618810e-04 -3.1325 6.207609e-02 7.337311e-02 4.981732e-02
1.6500 4.918924e-02 1.497327e-03 3.524108e-04 1.426933e-04 -3.0354 6.785886e-02 8.464475e-02 5.145634e-02
1.7000 5.153560e-02 1.012567e-03 4.314525e-04 8.657502e-04 -2.9217 7.362794e-02 9.451295e-02 5.249389e-02
1.7500 5.462469e-02 1.313776e-03 4.047374e-04 9.539182e-04 -2.7719 8.151535e-02 1.075984e-01 5.119565e-02
1.8000 5.758909e-02 1.112224e-03 2.437271e-04 4.874641e-04 -2.6778 8.569447e-02 1.221140e-01 5.240615e-02
1.8500 5.921233e-02 1.116477e-03 5.407404e-04 7.214837e-04 -2.5929 8.777966e-02 1.329703e-01 5.493997e-02
1.9000 6.098548e-02 1.358990e-03 6.912019e-04 9.813839e-04 -2.5323 8.550657e-02 1.458369e-01 5.914282e-02
1.9500 6.249170e-02 9.592983e-04 7.620947e-04 5.419528e-04 -2.4715 8.274443e-02 1.574334e-01 6.550447e-02
2.0000 6.443712e-02 7.295928e-04 4.591448e-04 7.692643e-04 -2.4184 8.205310e-02 1.644577e-01 7.319064e-02
2.0500 6.799742e-02 1.287549e-03 1.317567e-03 1.213846e-03 -2.4047 8.106474e-02 1.707059e-01 8.035080e-02
2.1000 6.477809e-02 2.074581e-03 1.486901e-03 9.192481e-04 -2.2722 8.463727e-02 1.719394e-01 8.696999e-02
2.1500 6.307686e-02 1.427338e-03 9.395752e-04 1.261708e-03 -2.1442 8.990816e-02 1.729015e-01 9.487975e-02
2.2000 6.153412e-02 9.582997e-04 4.855388e-04 1.333748e-03 -2.0275 9.258088e-02 1.740786e-01 1.025015e-01
2.2500 5.929007e-02 1.305075e-03 7.758385e-04 1.048489e-03 -1.9045 9.004966e-02 1.738556e-01 1.114344e-01
2.3000 5.641147e-02 1.096578e-03 3.870877e-04 8.393904e-04 -1.7856 8.643900e-02 1.732770e-01 1.214331e-01
2.3500 5.328284e-02 1.028404e-03 1.070309e-03 1.847087e-03 -1.6688 8.484248e-02 1.719363e-01 1.309539e-01
2.4000 5.224109e-02 1.022146e-03 4.128241e-03 2.657913e-03 -1.5756 8.184562e-02 1.741927e-01 1.399276e-01
2.4500 4.811550e-02 4.376781e-03 7.171537e-04 2.780594e-04 -1.4621 7.706649e-02 1.748252e-01 1.480187e-01
2.5000 4.555360e-02 2.708761e-03 1.210388e-03 1.900402e-03 -1.3709 7.314079e-02 1.735971e-01 1.563651e-01
2.5500 4.415344e-02 2.241997e-03 7.707514e-04 9.568634e-04 -1.2787 6.803802e-02 1.722613e-01 1.664933e-01
2.6000 4.116972e-02 1.440686e-03 9.485571e-04 8.136248e-04 -1.2263 5.671225e-02 1.665467e-01 1.754474e-01
2.6500 3.991000e-02 1.363350e-03 1.099428e-03 8.787454e-04 -1.1901 5.028068e-02 1.583582e-01 1.838520e-01
2.7000 3.714298e-02 2.033316e-03 6.011328e-04 1.153058e-03 -1.1651 5.157171e-02 1.467416e-01 1.889999e-01
2.7500 3.502263e-02 2.274014e-03 8.111210e-04 7.710484e-04 -1.1760 5.192559e-02 1.305578e-01 1.921447e-01
2.8000 3.325044e-02 2.357885e-03 9.824346e-04 4.763658e-04 -1.2004 5.195088e-02 1.115007e-01 1.959123e-01
2.8500 3.250061e-02 1.068869e-03 2.846812e-03 4.138781e-03 -1.2067 5.165695e-02 9.564041e-02 1.988147e-01
2.9000 3.305532e-02 1.562558e-03 3.620111e-03 1.043330e-03 -1.1601 5.303843e-02 8.060402e-02 2.007302e-01
2.9500 1.989241e-02 1.866654e-03 5.660036e-04 5.408229e-04 -1.3447 4.844554e-02 6.346112e-02 1.953716e-01
3.0000 1.235825e-02 9.140870e-04 1.287730e-03 9.427825e-04 -1.6045 4.405061e-02 4.849332e-02 1.854909e-01
3.0500 9.800913e-03 6.942032e-04 1.822957e-04 1.423108e-03 -2.4796 3.624462e-02 4.248193e-02 1.740948e-01
3.1000 1.878540e-02 1.492592e-03 4.224218e-04 6.624097e-04 -2.9912 2.969756e-02 4.555496e-02 1.623803e-01
3.1500 2.921397e-02 1.562653e-03 3.286794e-04 5.173493e-04 -3.0496 2.659376e-02 5.705727e-02 1.458678e-01
3.2000 3.882034e-02 1.238969e-03 4.824186e-04 5.550909e-05 -3.0453 2.847213e-02 7.254730e-02 1.253428e-01
3.2500 4.812491e-02 1.163708e-03 2.504963e-03 1.855136e-03 -3.0035 3.500667e-02 8.905118e-02 1.029722e-01
3.3000 5.585105e-02 1.818398e-03 9.214742e-04 3.011056e-03 -2.9451 4.067178e-02 1.079707e-01 8.305108e-02
3.3500 6.150341e-02 3.381544e-03 1.234163e-03 1.062984e-03 -2.9076 4.564884e-02 1.278804e-01 6.693834e-02
3.4000 6.662885e-02 2.534673e-03 1.378615e-03 1.039869e-03 -2.8090 5.276730e-02 1.468673e-01 5.682692e-02
3.4500 7.125734e-02 2.480487e-03 1.372660e-03 8.582834e-04 -2.7279 6.196876e-02 1.654006e-01 5.202140e-02
3.5000 7.533910e-02 2.190721e-03 6.448297e-04 4.372212e-04 -2.6529 7.208750e-02 1.793817e-01 5.411520e-02
3.5500 7.668933e-02 3.053315e-03 2.137991e-03 4.476109e-04 -2.5802 8.135495e-02 1.884114e-01 6.146839e-02
3.6000 7.884279e-02 2.854804e-03 1.449011e-03 1.038095e-03 -2.5055 8.831804e-02 1.967089e-01 7.424340e-02
3.6500 8.106243e-02 3.846823e-03 1.105550e-03 5.676228e-04 -2.4128 9.366284e-02 2.041779e-01 8.768596e-02
3.7000 8.264057e-02 4.165512e-03 1.474755e-03 4.536238e-04 -2.3127 9.570987e-02 2.109367e-01 1.002211e-01
3.7500 8.379084e-02 3.776171e-03 1.151776e-03 3.016758e-04 -2.2313 9.666473e-02 2.188432e-01 1.162599e-01
3.8000 8.498206e-02 4.192678e-03 5.692827e-04 7.250325e-04 -2.1393 9.915660e-02 2.271044e-01 1.333610e-01
3.8500 8.709202e-02 3.165417e-03 1.360773e-03 2.770602e-03 -2.0795 9.958414e-02 2.321244e-01 1.521703e-01
3.9000 8.559029e-02 3.716530e-03 2.121406e-03 1.491328e-03 -1.9745 1.037566e-01 2.366059e-01 1.657674e-01
3.9500 8.592079e-02 2.769041e-03 1.602520e-03 1.604285e-03 -1.8795 1.085582e-01 2.409107e-01 1.793260e-01
4.0000 8.519122e-02 5.313015e-03 2.327356e-03 6.257510e-04 -1.7809 1.144201e-01 2.438340e-01 1.911300e-01
